<?xml version="1.0"?>
<opencv_storage>
<images type_id="opencv-matrix">
  <rows>10</rows>
  <cols>600</cols>
  <dt>f</dt>
  <data>
    255. 255. 255. 255. 255. 255. 255. 255. 255. 255. 255. 255. 255.
    255. 255. 255. 255. 255. 255. 255. 255. 255. 255. 255. 255. 255.
    255. 255. 255. 255. 255. 255. 255. 255. 255. 255. 255. 255. 255.
    255. 255. 255. 255. 255. 255. 255. 255. 255. 255. 255. 255. 255.
    255. 255. 255. 255. 255. 255. 255. 154. 106. 106. 106. 106. 106.
    106. 106. 106. 106. 106. 106. 106. 106. 106. 106. 188. 255. 255.
    255. 13. 0. 0. 0. 0. 0. 0. 0. 0. 0. 0. 0. 0. 0. 0. 86. 226. 255.
    255. 92. 3. 0. 0. 0. 0. 0. 0. 0. 0. 0. 0. 0. 0. 0. 0. 115. 255. 255.
    255. 38. 0. 0. 0. 0. 0. 0. 0. 0. 0. 0. 0. 0. 0. 5. 103. 255. 255.
    241. 58. 0. 0. 0. 0. 0. 0. 0. 0. 0. 0. 0. 0. 0. 0. 64. 255. 255.
    255. 89. 0. 0. 0. 0. 0. 0. 0. 0. 0. 0. 0. 0. 0. 0. 16. 143. 255.
    255. 197. 52. 0. 0. 0. 0. 0. 0. 0. 0. 0. 0. 0. 0. 0. 7. 165. 255.
    255. 255. 115. 0. 0. 0. 0. 0. 0. 0. 0. 0. 0. 0. 0. 0. 0. 13. 255.
    255. 255. 169. 29. 0. 0. 0. 0. 0. 0. 0. 0. 0. 0. 0. 0. 0. 0. 235.
    255. 255. 255. 140. 0. 0. 0. 0. 0. 0. 0. 0. 0. 0. 0. 0. 0. 0. 20.
    255. 255. 255. 166. 0. 0. 0. 0. 0. 0. 0. 0. 0. 0. 0. 0. 0. 0. 0.
    242. 255. 255. 239. 124. 0. 0. 0. 0. 0. 0. 0. 0. 0. 0. 0. 0. 0. 0.
    90. 247. 255. 255. 191. 0. 0. 0. 0. 0. 0. 0. 0. 0. 0. 0. 0. 0. 0. 0.
    217. 255. 255. 232. 80. 0. 0. 0. 0. 0. 0. 0. 0. 0. 0. 0. 0. 0. 0.
    143. 245. 255. 255. 217. 0. 0. 0. 0. 0. 0. 0. 0. 0. 0. 0. 0. 0. 0.
    0. 191. 255. 255. 243. 18. 0. 0. 0. 0. 0. 0. 0. 0. 0. 0. 0. 0. 0.
    12. 173. 255. 255. 255. 222. 0. 0. 0. 0. 0. 0. 0. 0. 0. 0. 0. 0. 0.
    0. 140. 255. 255. 255. 255. 0. 0. 0. 0. 0. 0. 0. 0. 0. 0. 0. 0. 0.
    0. 0. 140. 255. 255. 255. 154. 0. 0. 0. 0. 0. 0. 0. 0. 0. 0. 0. 0.
    0. 0. 67. 207. 255. 255. 255. 13. 0. 0. 0. 0. 0. 0. 0. 0. 0. 0. 0.
    0. 0. 0. 115. 255. 255. 255. 92. 3. 0. 0. 0. 0. 0. 0. 0. 0. 0. 0. 0.
    0. 0. 82. 243. 255. 255. 255. 38. 0. 0. 0. 0. 0. 0. 0. 0. 0. 0. 0.
    0. 0. 5. 103. 255. 255. 255. 255. 38. 0. 0. 0. 0. 0. 0. 0. 0. 0. 0.
    0. 0. 0. 64. 255. 255. 255. 255. 207. 29. 0. 0. 0. 0. 0. 0. 0. 0. 0.
    0. 0. 0. 0. 64. 255. 255. 255. 255. 64. 0. 0. 0. 0. 0. 0. 0. 0. 0.
    0. 0. 0. 0. 22. 175. 255. 255. 255. 255. 64. 0. 0. 0. 0. 0. 0. 0. 0.
    0. 0. 0. 0. 0. 38. 255. 255. 255. 255. 255. 64. 0. 0. 0. 0. 0. 0. 0.
    0. 0. 0. 0. 0. 0. 3. 21. 103. 150. 21. 21. 5. 0. 0. 0. 0. 0. 0. 0.
    0. 0. 0. 0. 0. 0. 20. 226. 255. 255. 255. 255. 255. 255. 255. 255.
    255. 255. 255. 255. 255. 255. 255. 236. 0. 0. 177. 247. 255. 255.
    255. 255. 255. 255. 255. 255. 255. 255. 255. 255. 255. 255. 255.
    236. 0. 0. 0. 223. 255. 255. 255. 255. 255. 255. 255. 255. 255. 255.
    255. 255. 255. 255. 255. 236. 0. 0. 0. 223. 255. 255. 255. 154. 106.
    106. 106. 106. 106. 106. 106. 106. 106. 106. 106. 98. 0. 0. 0. 223.
    255. 255. 116. 21. 0. 0. 0. 0. 0. 0. 0. 0. 0. 0. 0. 0. 0. 0. 0. 223.
    255. 255. 239. 76. 0. 0. 0. 0. 0. 0. 0. 0. 0. 0. 0. 0. 0. 0. 0. 223.
    255. 255. 255. 83. 0. 0. 0. 0. 0. 0. 0. 0. 0. 0. 0. 0. 0. 0. 0. 223.
    255. 255. 255. 83. 0. 0. 0. 0. 0. 0. 0. 0. 0. 0. 0. 0. 0. 0. 0. 223.
    255. 255. 255. 83. 0. 0. 0. 0. 0. 0. 0. 0. 0. 0. 0. 0. 0. 0. 0. 223.
    255. 255. 255. 83. 0. 0. 0. 0. 0. 0. 0. 0. 0. 0. 0. 0. 0. 0. 0. 223.
    255. 255. 255. 83. 0. 0. 0. 0. 0. 0. 0. 0. 0. 0. 0. 0. 0. 0. 0. 223.
    255. 255. 255. 240. 234. 234. 234. 234. 134. 0. 0. 0. 0. 0. 0. 0. 0.
    0. 216. 252. 255. 255. 255. 255. 255. 255. 255. 255. 255. 255. 179.
    21. 16. 0. 0. 0. 0. 0. 0. 167. 191. 191. 191. 191. 191. 228. 255.
    255. 255. 255. 255. 255. 212. 53. 0. 0. 0. 0. 0. 0. 0. 0. 0. 0. 0.
    86. 149. 199. 255. 255. 255. 255. 255. 229. 93. 0. 0. 0. 0. 0. 0. 0.
    0. 0. 0. 0. 0. 50. 106. 162. 255. 255. 255. 255. 223. 0. 0. 0. 0. 0.
    0. 0. 0. 0. 0. 0. 0. 0. 0. 24. 126. 255. 255. 255. 247. 177. 0. 0.
    0. 0. 0. 0. 0. 0. 0. 0. 0. 0. 0. 0. 83. 255. 255. 255. 255. 236. 0.
    0. 0. 0. 0. 0. 0. 0. 0. 0. 0. 0. 0. 0. 0. 70. 255. 255. 255. 236. 0.
    0. 0. 0. 0. 0. 0. 0. 0. 0. 0. 0. 0. 0. 0. 70. 255. 255. 255. 241.
    64. 0. 0. 0. 0. 0. 0. 0. 0. 0. 0. 0. 0. 0. 0. 70. 255. 255. 255.
    255. 255. 0. 0. 0. 0. 0. 0. 0. 0. 0. 0. 0. 0. 0. 0. 70. 255. 255.
    255. 244. 106. 0. 0. 0. 0. 0. 0. 0. 0. 0. 0. 0. 0. 0. 62. 209. 255.
    255. 255. 236. 0. 0. 0. 0. 0. 0. 0. 0. 0. 0. 0. 0. 0. 0. 83. 255.
    255. 255. 255. 236. 0. 0. 0. 0. 0. 0. 0. 0. 0. 0. 0. 0. 0. 8. 97.
    255. 255. 255. 252. 216. 0. 0. 0. 56. 11. 0. 0. 0. 0. 0. 0. 0. 27.
    135. 255. 255. 255. 255. 223. 0. 0. 0. 98. 236. 132. 106. 29. 0. 0.
    0. 0. 50. 169. 255. 255. 255. 255. 236. 130. 0. 0. 149. 247. 255.
    255. 255. 178. 149. 149. 149. 149. 199. 255. 255. 255. 255. 221. 88.
    0. 0. 0. 64. 241. 255. 255. 255. 255. 255. 255. 255. 255. 255. 255.
    255. 255. 202. 49. 0. 0. 0. 0. 0. 20. 226. 255. 255. 255. 255. 255.
    255. 255. 255. 255. 167. 21. 15. 0. 0. 0. 0. 0. 0. 0. 0. 0. 0. 0. 0.
    0. 0. 0. 2. 91. 255. 255. 255. 229. 0. 0. 0. 0. 0. 0. 0. 0. 0. 0. 0.
    0. 0. 0. 25. 255. 255. 255. 255. 229. 0. 0. 0. 0. 0. 0. 0. 0. 0. 0.
    0. 0. 0. 0. 121. 255. 255. 255. 255. 229. 0. 0. 0. 0. 0. 0. 0. 0. 0.
    0. 0. 0. 0. 0. 255. 255. 255. 255. 255. 229. 0. 0. 0. 0. 0. 0. 0. 0.
    0. 0. 0. 0. 0. 172. 255. 255. 255. 255. 255. 229. 0. 0. 0. 0. 0. 0.
    0. 0. 0. 0. 0. 0. 164. 253. 255. 255. 255. 255. 255. 229. 0. 0. 0.
    0. 0. 0. 0. 0. 0. 0. 0. 127. 255. 255. 210. 0. 127. 255. 255. 229.
    0. 0. 0. 0. 0. 0. 0. 0. 0. 0. 19. 159. 255. 255. 0. 0. 127. 255.
    255. 229. 0. 0. 0. 0. 0. 0. 0. 0. 0. 11. 151. 255. 255. 255. 0. 0.
    127. 255. 255. 229. 0. 0. 0. 0. 0. 0. 0. 0. 0. 25. 255. 255. 255.
    121. 0. 0. 127. 255. 255. 229. 0. 0. 0. 0. 0. 0. 0. 0. 0. 198. 255.
    255. 121. 6. 0. 0. 127. 255. 255. 229. 0. 0. 0. 0. 0. 0. 0. 0. 210.
    255. 255. 255. 76. 0. 0. 0. 127. 255. 255. 229. 0. 0. 0. 0. 0. 0. 0.
    15. 232. 255. 255. 127. 0. 0. 0. 0. 127. 255. 255. 229. 0. 0. 0. 0.
    0. 0. 32. 198. 255. 255. 236. 96. 0. 0. 0. 0. 127. 255. 255. 229. 0.
    0. 0. 0. 0. 0. 127. 255. 255. 244. 104. 0. 0. 0. 0. 0. 127. 255.
    255. 229. 0. 0. 0. 0. 0. 45. 202. 255. 255. 96. 0. 0. 0. 0. 0. 0.
    127. 255. 255. 229. 0. 0. 0. 0. 19. 210. 255. 255. 83. 0. 0. 0. 0.
    0. 0. 0. 127. 255. 255. 229. 0. 0. 0. 0. 25. 255. 255. 255. 25. 0.
    0. 0. 0. 0. 0. 0. 127. 255. 255. 19. 0. 0. 0. 0. 255. 255. 255. 255.
    45. 21. 21. 21. 21. 21. 21. 21. 138. 255. 255. 232. 21. 21. 21. 21.
    255. 255. 255. 255. 255. 255. 255. 255. 255. 255. 255. 255. 255.
    255. 255. 255. 255. 255. 255. 255. 255. 255. 255. 255. 255. 255.
    255. 255. 255. 255. 255. 255. 255. 255. 255. 255. 255. 255. 255.
    255. 106. 106. 106. 106. 106. 106. 106. 106. 106. 106. 106. 106.
    180. 255. 255. 240. 106. 106. 106. 106. 0. 0. 0. 0. 0. 0. 0. 0. 0.
    0. 0. 0. 127. 255. 255. 57. 0. 0. 0. 0. 0. 0. 0. 0. 0. 0. 0. 0. 0.
    0. 0. 0. 127. 255. 255. 210. 0. 0. 0. 0. 0. 0. 0. 0. 0. 0. 0. 0. 0.
    0. 0. 0. 127. 255. 255. 229. 0. 0. 0. 0. 0. 0. 0. 0. 0. 0. 0. 0. 0.
    0. 0. 19. 159. 255. 255. 229. 0. 0. 0. 0. 0. 0. 0. 0. 0. 0. 0. 0. 0.
    0. 0. 76. 255. 255. 255. 229. 0. 0. 0. 0. 0. 0. 0. 0. 0. 0. 0. 0. 0.
    0. 0. 76. 255. 255. 255. 229. 0. 0. 0. 0. 0. 0. 0. 0. 0. 0. 0. 0. 0.
    0. 0. 76. 255. 255. 255. 229. 0. 0. 0. 0. 0. 0. 0. 0. 0. 0. 0. 0. 0.
    0. 0. 6. 21. 185. 255. 19. 0. 0. 0. 0. 0. 0. 0. 0. 11. 26. 175. 255.
    255. 255. 255. 255. 255. 175. 26. 11. 0. 0. 0. 0. 0. 0. 0. 27. 157.
    255. 255. 255. 255. 255. 255. 255. 255. 255. 255. 157. 27. 0. 0. 0.
    0. 0. 32. 172. 255. 255. 255. 255. 147. 128. 128. 147. 255. 255.
    255. 255. 172. 32. 0. 0. 0. 27. 198. 255. 255. 255. 139. 76. 11. 0.
    0. 11. 121. 255. 255. 255. 255. 198. 27. 0. 0. 38. 255. 255. 255.
    129. 9. 0. 0. 0. 0. 0. 6. 106. 255. 255. 255. 255. 38. 0. 13. 255.
    255. 255. 243. 103. 0. 0. 0. 0. 0. 0. 0. 0. 115. 255. 255. 255. 255.
    13. 13. 255. 255. 255. 140. 0. 0. 0. 0. 0. 0. 0. 0. 0. 80. 221. 255.
